2.4591993216060004e6	1.0
2.4591993239208153e6	1.0
2.45919932623563e6	1.0
2.459199328550445e6	1.0
2.4591993308652597e6	1.0
2.4591993331800746e6	1.0
2.4591993354948894e6	1.0
2.4591993378097042e6	1.0
2.459199340124519e6	1.0
2.459199342439334e6	1.0
2.4591993447541487e6	1.0
2.4591993470689636e6	1.0
2.4591993493837784e6	1.0
2.4591993516985932e6	1.0
2.4591993540134076e6	1.0
2.4591993563282224e6	1.0
2.4591993586430373e6	1.0
2.459199360957852e6	1.0
2.459199363272667e6	1.0
2.4591993655874818e6	1.0
2.4591993679022966e6	1.0
2.4591993702171114e6	1.0
2.4591993725319263e6	1.0
2.459199374846741e6	1.0
2.459199377161556e6	1.0
2.4591993794763708e6	1.0
2.4591993817911856e6	1.0
2.4591993841060004e6	1.0
2.4591993864208153e6	1.0
2.45919938873563e6	1.0
2.459199391050445e6	1.0
2.4591993933652597e6	1.0
2.4591993956800746e6	1.0
2.4591993979948894e6	1.0
2.4591994003097042e6	1.0
2.459199402624519e6	1.0
2.459199404939334e6	1.0
2.4591994072541487e6	1.0
2.4591994095689636e6	1.0
2.4591994118837784e6	1.0
2.4591994141985932e6	1.0
2.4591994165134076e6	1.0
2.4591994188282224e6	1.0
2.4591994211430373e6	1.0
2.459199423457852e6	1.0
2.459199425772667e6	1.0
2.4591994280874818e6	1.0
2.4591994304022966e6	1.0
2.4591994327171114e6	1.0
2.4591994350319263e6	1.0
2.459199437346741e6	1.0
2.459199439661556e6	1.0
2.4591994419763708e6	1.0
2.4591994442911856e6	1.0
2.4591994466060004e6	1.0
2.4591994489208153e6	1.0
2.45919945123563e6	1.0
2.459199453550445e6	1.0
2.4591994558652597e6	1.0
2.4591994581800746e6	1.0
2.4591994604948894e6	1.0
2.4591994628097042e6	1.0
2.459199465124519e6	1.0
2.459199467439334e6	1.0
2.4591994697541487e6	1.0
2.4591994720689636e6	1.0
2.4591994743837784e6	1.0
2.4591994766985932e6	1.0
2.4591994790134076e6	1.0
2.4591994813282224e6	1.0
2.4591994836430373e6	1.0
2.459199485957852e6	1.0
2.459199488272667e6	1.0
2.4591994905874818e6	1.0
2.4591994929022966e6	1.0
2.4591994952171114e6	1.0
2.4591994975319263e6	1.0
2.459199499846741e6	1.0
2.459199502161556e6	1.0
2.4591995044763708e6	1.0
2.4591995067911856e6	1.0
2.4591995091060004e6	1.0
2.4591995114208153e6	1.0
2.45919951373563e6	1.0
2.459199516050445e6	1.0
2.4591995183652597e6	1.0
2.4591995206800746e6	1.0
2.4591995229948894e6	1.0
2.4591995253097042e6	1.0
2.459199527624519e6	1.0
2.459199529939334e6	1.0
2.4591995322541487e6	1.0
2.4591995345689636e6	1.0
2.4591995368837784e6	1.0
2.4591995391985932e6	1.0
2.4591995415134076e6	1.0
2.4591995438282224e6	1.0
2.4591995461430373e6	1.0
2.459199548457852e6	1.0
2.459199550772667e6	1.0
2.4591995530874818e6	1.0
2.4591995554022966e6	1.0
2.4591995577171114e6	1.0
2.4591995600319263e6	1.0
2.459199562346741e6	1.0
2.459199564661556e6	1.0
2.4591995669763708e6	1.0
2.4591995692911856e6	1.0
2.4591995716060004e6	1.0
2.4591995739208153e6	1.0
2.45919957623563e6	1.0
2.459199578550445e6	1.0
2.4591995808652597e6	1.0
2.4591995831800746e6	1.0
2.4591995854948894e6	1.0
2.4591995878097042e6	1.0
2.459199590124519e6	1.0
2.459199592439334e6	1.0
2.4591995947541487e6	1.0
2.4591995970689636e6	1.0
2.4591995993837784e6	1.0
2.4591996016985932e6	1.0
2.4591996040134076e6	1.0
2.4591996063282224e6	1.0
2.4591996086430373e6	1.0
2.459199610957852e6	1.0
2.459199613272667e6	1.0
2.4591996155874818e6	1.0
2.4591996179022966e6	1.0
2.4591996202171114e6	1.0
2.4591996225319263e6	1.0
2.459199624846741e6	1.0
2.459199627161556e6	1.0
2.4591996294763708e6	1.0
2.4591996317911856e6	1.0
2.4591996341060004e6	1.0
2.4591996364208153e6	1.0
2.45919963873563e6	1.0
2.459199641050445e6	1.0
2.4591996433652597e6	1.0
2.4591996456800746e6	1.0
2.4591996479948894e6	1.0
2.4591996503097042e6	1.0
2.459199652624519e6	1.0
2.459199654939334e6	1.0
2.4591996572541487e6	1.0
2.4591996595689636e6	1.0
2.4591996618837784e6	1.0
2.4591996641985932e6	1.0
2.4591996665134076e6	1.0
2.4591996688282224e6	1.0
2.4591996711430373e6	1.0
2.459199673457852e6	1.0
2.459199675772667e6	1.0
2.4591996780874818e6	1.0
2.4591996804022966e6	1.0
2.4591996827171114e6	1.0
2.4591996850319263e6	1.0
2.459199687346741e6	1.0
2.459199689661556e6	1.0
2.4591996919763708e6	1.0
2.4591996942911856e6	1.0
2.4591996966060004e6	1.0
2.4591996989208153e6	1.0
2.45919970123563e6	1.0
2.459199703550445e6	1.0
2.4591997058652597e6	1.0
2.4591997081800746e6	1.0
2.4591997104948894e6	1.0
2.4591997128097042e6	1.0
2.459199715124519e6	1.0
2.459199717439334e6	1.0
2.4591997197541487e6	1.0
2.4591997220689636e6	1.0
2.4591997243837784e6	1.0
2.4591997266985932e6	1.0
2.4591997290134076e6	1.0
2.4591997313282224e6	1.0
2.4591997336430373e6	1.0
2.459199735957852e6	1.0
2.459199738272667e6	1.0
2.4591997405874818e6	1.0
2.4591997429022966e6	1.0
2.4591997452171114e6	1.0
2.4591997475319263e6	1.0
2.459199749846741e6	1.0
2.459199752161556e6	1.0
2.4591997544763708e6	1.0
2.4591997567911856e6	1.0
2.4591997591060004e6	1.0
2.4591997614208153e6	1.0
2.45919976373563e6	1.0
2.459199766050445e6	1.0
2.4591997683652597e6	1.0
2.4591997706800746e6	1.0
2.4591997729948894e6	1.0
2.4591997753097042e6	1.0
2.459199777624519e6	1.0
2.459199779939334e6	1.0
2.4591997822541487e6	1.0
2.4591997845689636e6	1.0
2.4591997868837784e6	1.0
2.4591997891985932e6	1.0
2.4591997915134076e6	1.0
2.4591997938282224e6	1.0
2.4591997961430373e6	1.0
2.459199798457852e6	1.0
2.459199800772667e6	1.0
2.4591998030874818e6	1.0
2.4591998054022966e6	1.0
2.4591998077171114e6	1.0
2.4591998100319263e6	1.0
2.459199812346741e6	1.0
2.459199814661556e6	1.0
2.4591998169763708e6	1.0
2.4591998192911856e6	1.0
2.4591998216060004e6	1.0
2.4591998239208153e6	1.0
2.45919982623563e6	1.0
2.459199828550445e6	1.0
2.4591998308652597e6	1.0
2.4591998331800746e6	1.0
2.4591998354948894e6	1.0
2.4591998378097042e6	1.0
2.459199840124519e6	1.0
2.459199842439334e6	1.0
2.4591998447541487e6	1.0
2.4591998470689636e6	1.0
2.4591998493837784e6	1.0
2.4591998516985932e6	1.0
2.4591998540134076e6	1.0
2.4591998563282224e6	1.0
2.4591998586430373e6	1.0
2.459199860957852e6	1.0
2.459199863272667e6	1.0
2.4591998655874818e6	1.0
2.4591998679022966e6	1.0
2.4591998702171114e6	1.0
2.4591998725319263e6	1.0
2.459199874846741e6	1.0
2.459199877161556e6	1.0
2.4591998794763708e6	1.0
2.4591998817911856e6	1.0
2.4591998841060004e6	1.0
2.4591998864208153e6	1.0
2.45919988873563e6	1.0
2.459199891050445e6	1.0
2.4591998933652597e6	1.0
2.4591998956800746e6	1.0
2.4591998979948894e6	1.0
2.4591999003097042e6	1.0
2.459199902624519e6	1.0
2.459199904939334e6	1.0
2.4591999072541487e6	1.0
2.4591999095689636e6	1.0
2.4591999118837784e6	1.0
2.4591999141985932e6	1.0
2.4591999165134076e6	1.0
2.4591999188282224e6	1.0
2.4591999211430373e6	1.0
2.459199923457852e6	1.0
2.459199925772667e6	1.0
2.4591999280874818e6	1.0
2.4591999304022966e6	1.0
2.4591999327171114e6	1.0
2.4591999350319263e6	1.0
2.459199937346741e6	1.0
2.459199939661556e6	1.0
2.4591999419763708e6	1.0
2.4591999442911856e6	1.0
2.4591999466060004e6	1.0
2.4591999489208153e6	1.0
2.45919995123563e6	1.0
2.459199953550445e6	1.0
2.4591999558652597e6	1.0
2.4591999581800746e6	1.0
2.4591999604948894e6	1.0
2.4591999628097042e6	1.0
2.459199965124519e6	1.0
2.459199967439334e6	1.0
2.4591999697541487e6	1.0
2.4591999720689636e6	1.0
2.4591999743837784e6	1.0
2.4591999766985932e6	1.0
2.4591999790134076e6	1.0
2.4591999813282224e6	1.0
2.4591999836430373e6	1.0
2.459199985957852e6	1.0
2.459199988272667e6	1.0
2.4591999905874818e6	1.0
2.4591999929022966e6	1.0
2.4591999952171114e6	1.0
2.4591999975319263e6	1.0
2.459199999846741e6	1.0
2.459200002161556e6	1.0
2.4592000044763708e6	1.0
2.4592000067911856e6	1.0
2.4592000091060004e6	1.0
2.4592000114208153e6	1.0
2.45920001373563e6	1.0
2.459200016050445e6	1.0
2.4592000183652597e6	1.0
2.4592000206800746e6	1.0
2.4592000229948894e6	1.0
2.4592000253097042e6	1.0
2.459200027624519e6	1.0
2.459200029939334e6	1.0
2.4592000322541487e6	1.0
2.4592000345689636e6	1.0
2.4592000368837784e6	1.0
2.4592000391985932e6	1.0
2.4592000415134076e6	1.0
2.4592000438282224e6	1.0
2.4592000461430373e6	1.0
2.459200048457852e6	1.0
2.459200050772667e6	1.0
2.4592000530874818e6	1.0
2.4592000554022966e6	1.0
2.4592000577171114e6	1.0
2.4592000600319263e6	1.0
2.459200062346741e6	1.0
2.459200064661556e6	1.0
2.4592000669763708e6	1.0
2.4592000692911856e6	1.0
2.4592000716060004e6	1.0
2.4592000739208153e6	1.0
2.45920007623563e6	1.0
2.459200078550445e6	1.0
2.4592000808652597e6	1.0
2.4592000831800746e6	1.0
2.4592000854948894e6	1.0
2.4592000878097042e6	1.0
2.459200090124519e6	1.0
2.459200092439334e6	1.0
2.4592000947541487e6	1.0
2.4592000970689636e6	1.0
2.4592000993837784e6	1.0
2.4592001016985932e6	1.0
2.4592001040134076e6	1.0
2.4592001063282224e6	1.0
2.4592001086430373e6	1.0
2.459200110957852e6	1.0
2.459200113272667e6	1.0
2.4592001155874818e6	1.0
2.4592001179022966e6	1.0
2.4592001202171114e6	1.0
2.4592001225319263e6	1.0
2.459200124846741e6	1.0
2.459200127161556e6	1.0
2.4592001294763708e6	1.0
2.4592001317911856e6	1.0
2.4592001341060004e6	1.0
2.4592001364208153e6	1.0
2.45920013873563e6	1.0
2.459200141050445e6	1.0
2.4592001433652597e6	1.0
2.4592001456800746e6	1.0
2.4592001479948894e6	1.0
2.4592001503097042e6	1.0
2.459200152624519e6	1.0
2.459200154939334e6	1.0
2.4592001572541487e6	1.0
2.4592001595689636e6	1.0
2.4592001618837784e6	1.0
2.4592001641985932e6	1.0
2.4592001665134076e6	1.0
2.4592001688282224e6	1.0
2.4592001711430373e6	1.0
2.459200173457852e6	1.0
2.459200175772667e6	1.0
2.4592001780874818e6	1.0
2.4592001804022966e6	1.0
2.4592001827171114e6	1.0
2.4592001850319263e6	1.0
2.459200187346741e6	1.0
2.459200189661556e6	1.0
2.4592001919763708e6	1.0
2.4592001942911856e6	1.0
2.4592001966060004e6	1.0
2.4592001989208153e6	1.0
2.45920020123563e6	1.0
2.459200203550445e6	1.0
2.4592002058652597e6	1.0
2.4592002081800746e6	1.0
2.4592002104948894e6	1.0
2.4592002128097042e6	1.0
2.459200215124519e6	1.0
2.459200217439334e6	1.0
2.4592002197541487e6	1.0
2.4592002220689636e6	1.0
2.4592002243837784e6	1.0
2.4592002266985932e6	1.0
2.4592002290134076e6	1.0
2.4592002313282224e6	1.0
2.4592002336430373e6	1.0
2.459200235957852e6	1.0
2.459200238272667e6	1.0
2.4592002405874818e6	1.0
2.4592002429022966e6	1.0
2.4592002452171114e6	1.0
2.4592002475319263e6	1.0
2.459200249846741e6	1.0
2.459200252161556e6	1.0
2.4592002544763708e6	1.0
2.4592002567911856e6	1.0
2.4592002591060004e6	1.0
2.4592002614208153e6	1.0
2.45920026373563e6	1.0
2.459200266050445e6	1.0
2.4592002683652597e6	1.0
2.4592002706800746e6	1.0
2.4592002729948894e6	1.0
2.4592002753097042e6	1.0
2.459200277624519e6	1.0
2.459200279939334e6	1.0
2.4592002822541487e6	1.0
2.4592002845689636e6	1.0
2.4592002868837784e6	1.0
2.4592002891985932e6	1.0
2.4592002915134076e6	1.0
2.4592002938282224e6	1.0
2.4592002961430373e6	1.0
2.459200298457852e6	1.0
2.459200300772667e6	1.0
2.4592003030874818e6	1.0
2.4592003054022966e6	1.0
2.4592003077171114e6	1.0
2.4592003100319263e6	1.0
2.459200312346741e6	1.0
2.459200314661556e6	1.0
2.4592003169763708e6	1.0
2.4592003192911856e6	1.0
2.4592003216060004e6	1.0
2.4592003239208153e6	1.0
2.45920032623563e6	1.0
2.459200328550445e6	1.0
2.4592003308652597e6	1.0
2.4592003331800746e6	1.0
2.4592003354948894e6	1.0
2.4592003378097042e6	1.0
2.459200340124519e6	1.0
2.459200342439334e6	1.0
2.4592003447541487e6	1.0
2.4592003470689636e6	1.0
2.4592003493837784e6	1.0
2.4592003516985932e6	1.0
2.4592003540134076e6	1.0
2.4592003563282224e6	1.0
2.4592003586430373e6	1.0
2.459200360957852e6	1.0
2.459200363272667e6	1.0
2.4592003655874818e6	1.0
2.4592003679022966e6	1.0
2.4592003702171114e6	1.0
2.4592003725319263e6	1.0
2.459200374846741e6	1.0
2.459200377161556e6	1.0
2.4592003794763708e6	1.0
2.4592003817911856e6	1.0
2.4592003841060004e6	1.0
2.4592003864208153e6	1.0
2.45920038873563e6	1.0
2.459200391050445e6	1.0
2.4592003933652597e6	1.0
2.4592003956800746e6	1.0
2.4592003979948894e6	1.0
2.4592004003097042e6	1.0
2.459200402624519e6	1.0
2.459200404939334e6	1.0
2.4592004072541487e6	1.0
2.4592004095689636e6	1.0
2.4592004118837784e6	1.0
2.4592004141985932e6	1.0
2.4592004165134076e6	1.0
2.4592004188282224e6	1.0
2.4592004211430373e6	1.0
2.459200423457852e6	1.0
2.459200425772667e6	1.0
2.4592004280874818e6	1.0
2.4592004304022966e6	1.0
2.4592004327171114e6	1.0
2.4592004350319263e6	1.0
2.459200437346741e6	1.0
2.459200439661556e6	1.0
2.4592004419763708e6	1.0
2.4592004442911856e6	1.0
2.4592004466060004e6	1.0
2.4592004489208153e6	1.0
2.45920045123563e6	1.0
2.459200453550445e6	1.0
2.4592004558652597e6	1.0
2.4592004581800746e6	1.0
2.4592004604948894e6	1.0
2.4592004628097042e6	1.0
2.459200465124519e6	1.0
2.459200467439334e6	1.0
2.4592004697541487e6	1.0
2.4592004720689636e6	1.0
2.4592004743837784e6	1.0
2.4592004766985932e6	1.0
2.4592004790134076e6	1.0
2.4592004813282224e6	1.0
2.4592004836430373e6	1.0
2.459200485957852e6	1.0
2.459200488272667e6	1.0
2.4592004905874818e6	1.0
2.4592004929022966e6	1.0
2.4592004952171114e6	1.0
2.4592004975319263e6	1.0
2.459200499846741e6	1.0
2.459200502161556e6	1.0
2.4592005044763708e6	1.0
2.4592005067911856e6	1.0
2.4592005091060004e6	1.0
2.4592005114208153e6	1.0
2.45920051373563e6	1.0
2.459200516050445e6	1.0
2.4592005183652597e6	1.0
2.4592005206800746e6	1.0
2.4592005229948894e6	1.0
2.4592005253097042e6	1.0
2.459200527624519e6	1.0
2.459200529939334e6	1.0
2.4592005322541487e6	1.0
2.4592005345689636e6	1.0
2.4592005368837784e6	1.0
2.4592005391985932e6	1.0
2.4592005415134076e6	1.0
2.4592005438282224e6	1.0
2.4592005461430373e6	1.0
2.459200548457852e6	1.0
2.459200550772667e6	1.0
2.4592005530874818e6	1.0
2.4592005554022966e6	1.0
2.4592005577171114e6	1.0
2.4592005600319263e6	1.0
2.459200562346741e6	1.0
2.459200564661556e6	1.0
2.4592005669763708e6	1.0
2.4592005692911856e6	1.0
2.4592005716060004e6	1.0
2.4592005739208153e6	1.0
2.45920057623563e6	1.0
2.459200578550445e6	1.0
2.4592005808652597e6	1.0
2.4592005831800746e6	1.0
2.4592005854948894e6	1.0
2.4592005878097042e6	1.0
2.459200590124519e6	1.0
2.459200592439334e6	1.0
2.4592005947541487e6	1.0
2.4592005970689636e6	1.0
2.4592005993837784e6	1.0
2.4592006016985932e6	1.0
2.4592006040134076e6	1.0
2.4592006063282224e6	1.0
2.4592006086430373e6	1.0
2.459200610957852e6	1.0
2.459200613272667e6	1.0
2.4592006155874818e6	1.0
2.4592006179022966e6	1.0
2.4592006202171114e6	1.0
2.4592006225319263e6	1.0
2.459200624846741e6	1.0
2.459200627161556e6	1.0
2.4592006294763708e6	1.0
2.4592006317911856e6	1.0
2.4592006341060004e6	1.0
2.4592006364208153e6	1.0
2.45920063873563e6	1.0
2.459200641050445e6	1.0
2.4592006433652597e6	1.0
2.4592006456800746e6	1.0
2.4592006479948894e6	1.0
2.4592006503097042e6	1.0
2.459200652624519e6	1.0
2.459200654939334e6	1.0
2.4592006572541487e6	1.0
2.4592006595689636e6	1.0
2.4592006618837784e6	1.0
2.4592006641985932e6	1.0
2.4592006665134076e6	1.0
2.4592006688282224e6	1.0
2.4592006711430373e6	1.0
2.459200673457852e6	1.0
2.459200675772667e6	1.0
2.4592006780874818e6	1.0
2.4592006804022966e6	1.0
2.4592006827171114e6	1.0
2.4592006850319263e6	1.0
2.459200687346741e6	1.0
2.459200689661556e6	1.0
2.4592006919763708e6	1.0
2.4592006942911856e6	1.0
2.4592006966060004e6	1.0
2.4592006989208153e6	1.0
2.45920070123563e6	1.0
2.459200703550445e6	1.0
2.4592007058652597e6	1.0
2.4592007081800746e6	1.0
2.4592007104948894e6	1.0
2.4592007128097042e6	1.0
2.459200715124519e6	1.0
2.459200717439334e6	1.0
2.4592007197541487e6	1.0
2.4592007220689636e6	1.0
2.4592007243837784e6	1.0
2.4592007266985932e6	1.0
2.4592007290134076e6	1.0
2.4592007313282224e6	1.0
2.4592007336430373e6	1.0
2.459200735957852e6	1.0
2.459200738272667e6	1.0
2.4592007405874818e6	1.0
2.4592007429022966e6	1.0
2.4592007452171114e6	1.0
2.4592007475319263e6	1.0
2.459200749846741e6	1.0
2.459200752161556e6	1.0
2.4592007544763708e6	1.0
2.4592007567911856e6	1.0
2.4592007591060004e6	1.0
2.4592007614208153e6	1.0
2.45920076373563e6	1.0
2.459200766050445e6	1.0
2.4592007683652597e6	1.0
2.4592007706800746e6	1.0
2.4592007729948894e6	1.0
2.4592007753097042e6	1.0
2.459200777624519e6	1.0
2.459200779939334e6	1.0
2.4592007822541487e6	1.0
2.4592007845689636e6	1.0
2.4592007868837784e6	1.0
2.4592007891985932e6	1.0
2.4592007915134076e6	1.0
2.4592007938282224e6	1.0
2.4592007961430373e6	1.0
2.459200798457852e6	1.0
2.459200800772667e6	1.0
2.4592008030874818e6	1.0
2.4592008054022966e6	1.0
2.4592008077171114e6	1.0
2.4592008100319263e6	1.0
2.459200812346741e6	1.0
2.459200814661556e6	1.0
2.4592008169763708e6	1.0
2.4592008192911856e6	1.0
2.4592008216060004e6	1.0
2.4592008239208153e6	1.0
2.45920082623563e6	1.0
2.459200828550445e6	1.0
2.4592008308652597e6	1.0
2.4592008331800746e6	1.0
2.4592008354948894e6	1.0
2.4592008378097042e6	1.0
2.459200840124519e6	1.0
2.459200842439334e6	1.0
2.4592008447541487e6	1.0
2.4592008470689636e6	1.0
2.4592008493837784e6	1.0
2.4592008516985932e6	1.0
2.4592008540134076e6	1.0
2.4592008563282224e6	1.0
2.4592008586430373e6	1.0
2.459200860957852e6	1.0
2.459200863272667e6	1.0
2.4592008655874818e6	1.0
2.4592008679022966e6	1.0
2.4592008702171114e6	1.0
2.4592008725319263e6	1.0
2.459200874846741e6	1.0
2.459200877161556e6	1.0
2.4592008794763708e6	1.0
2.4592008817911856e6	1.0
2.4592008841060004e6	1.0
2.4592008864208153e6	1.0
2.45920088873563e6	1.0
2.459200891050445e6	1.0
2.4592008933652597e6	1.0
2.4592008956800746e6	1.0
2.4592008979948894e6	1.0
2.4592009003097042e6	1.0
2.459200902624519e6	0.999929144927603
2.459200904939334e6	0.9992235880981102
2.4592009072541487e6	0.9986154474621449
2.4592009095689636e6	0.9984574574456062
2.4592009118837784e6	0.9983533234394858
2.4592009141985932e6	0.9982763388209304
2.4592009165134076e6	0.9982167283019733
2.4592009188282224e6	0.9981694684805849
2.4592009211430373e6	0.998131561033914
2.459200923457852e6	0.9981010570522197
2.459200925772667e6	0.9980766209867009
2.4592009280874818e6	0.9980573080075917
2.4592009304022966e6	0.9980424398542628
2.4592009327171114e6	0.9980315313718571
2.4592009350319263e6	0.9980242454922479
2.459200937346741e6	0.9980203654776922
2.459200939661556e6	0.9980197785452334
2.4592009419763708e6	0.9980224677905155
2.4592009442911856e6	0.9980285110032233
2.4592009466060004e6	0.9980380861740528
2.4592009489208153e6	0.9980514846373643
2.45920095123563e6	0.9980691342434466
2.459200953550445e6	0.9980916372436206
2.4592009558652597e6	0.9981198317364588
2.4592009581800746e6	0.9981548939219722
2.4592009604948894e6	0.9981985170883467
2.4592009628097042e6	0.9982532498988608
2.459200965124519e6	0.9983232128899798
2.459200967439334e6	0.9984159187556298
2.4592009697541487e6	0.9985487725132263
2.4592009720689636e6	0.9989345654454871
2.4592009743837784e6	0.9997231878933519
2.4592009766985932e6	1.0
2.4592009790134076e6	1.0
2.4592009813282224e6	1.0
2.4592009836430373e6	1.0
2.459200985957852e6	1.0
2.459200988272667e6	1.0
2.4592009905874818e6	1.0
2.4592009929022966e6	1.0
2.4592009952171114e6	1.0
2.4592009975319263e6	1.0
2.459200999846741e6	1.0
2.459201002161556e6	1.0
2.4592010044763708e6	1.0
2.4592010067911856e6	1.0
2.4592010091060004e6	1.0
2.4592010114208153e6	1.0
2.45920101373563e6	1.0
2.459201016050445e6	1.0
2.4592010183652597e6	1.0
2.4592010206800746e6	1.0
2.4592010229948894e6	1.0
2.4592010253097042e6	1.0
2.459201027624519e6	1.0
2.459201029939334e6	1.0
2.4592010322541487e6	1.0
2.4592010345689636e6	1.0
2.4592010368837784e6	1.0
2.4592010391985932e6	1.0
2.4592010415134076e6	1.0
2.4592010438282224e6	1.0
2.4592010461430373e6	1.0
2.459201048457852e6	1.0
2.459201050772667e6	1.0
2.4592010530874818e6	1.0
2.4592010554022966e6	1.0
2.4592010577171114e6	1.0
2.4592010600319263e6	1.0
2.459201062346741e6	1.0
2.459201064661556e6	1.0
2.4592010669763708e6	1.0
2.4592010692911856e6	1.0
2.4592010716060004e6	1.0
2.4592010739208153e6	1.0
2.45920107623563e6	1.0
2.459201078550445e6	1.0
2.4592010808652597e6	1.0
2.4592010831800746e6	1.0
2.4592010854948894e6	1.0
2.4592010878097042e6	1.0
2.459201090124519e6	1.0
2.459201092439334e6	1.0
2.4592010947541487e6	1.0
2.4592010970689636e6	1.0
2.4592010993837784e6	1.0
2.4592011016985932e6	1.0
2.4592011040134076e6	1.0
2.4592011063282224e6	1.0
2.4592011086430373e6	1.0
2.459201110957852e6	1.0
2.459201113272667e6	1.0
2.4592011155874818e6	1.0
2.4592011179022966e6	1.0
2.4592011202171114e6	1.0
2.4592011225319263e6	1.0
2.459201124846741e6	1.0
2.459201127161556e6	1.0
2.4592011294763708e6	1.0
2.4592011317911856e6	1.0
2.4592011341060004e6	1.0
2.4592011364208153e6	1.0
2.45920113873563e6	1.0
2.459201141050445e6	1.0
2.4592011433652597e6	1.0
2.4592011456800746e6	1.0
2.4592011479948894e6	1.0
2.4592011503097042e6	1.0
2.459201152624519e6	1.0
2.459201154939334e6	1.0
2.4592011572541487e6	1.0
2.4592011595689636e6	1.0
2.4592011618837784e6	1.0
2.4592011641985932e6	1.0
2.4592011665134076e6	1.0
2.4592011688282224e6	1.0
2.4592011711430373e6	1.0
2.459201173457852e6	1.0
2.459201175772667e6	1.0
2.4592011780874818e6	1.0
2.4592011804022966e6	1.0
2.4592011827171114e6	1.0
2.4592011850319263e6	1.0
2.459201187346741e6	1.0
2.459201189661556e6	1.0
2.4592011919763708e6	1.0
2.4592011942911856e6	1.0
2.4592011966060004e6	1.0
2.4592011989208153e6	1.0
2.45920120123563e6	1.0
2.459201203550445e6	1.0
2.4592012058652597e6	1.0
2.4592012081800746e6	1.0
2.4592012104948894e6	1.0
2.4592012128097042e6	1.0
2.459201215124519e6	1.0
2.459201217439334e6	1.0
2.4592012197541487e6	1.0
2.4592012220689636e6	1.0
2.4592012243837784e6	1.0
2.4592012266985932e6	1.0
2.4592012290134076e6	1.0
2.4592012313282224e6	1.0
2.4592012336430373e6	1.0
2.459201235957852e6	1.0
2.459201238272667e6	1.0
2.4592012405874818e6	1.0
2.4592012429022966e6	1.0
2.4592012452171114e6	1.0
2.4592012475319263e6	1.0
2.459201249846741e6	1.0
2.459201252161556e6	1.0
2.4592012544763708e6	1.0
2.4592012567911856e6	1.0
2.4592012591060004e6	1.0
2.4592012614208153e6	1.0
2.45920126373563e6	1.0
2.459201266050445e6	1.0
2.4592012683652597e6	1.0
2.4592012706800746e6	1.0
2.4592012729948894e6	1.0
2.4592012753097042e6	1.0
2.459201277624519e6	1.0
2.459201279939334e6	1.0
2.4592012822541487e6	1.0
2.4592012845689636e6	1.0
2.4592012868837784e6	1.0
2.4592012891985932e6	1.0
2.4592012915134076e6	1.0
2.4592012938282224e6	1.0
2.4592012961430373e6	1.0
2.459201298457852e6	1.0
2.459201300772667e6	1.0
2.4592013030874818e6	1.0
2.4592013054022966e6	1.0
2.4592013077171114e6	1.0
2.4592013100319263e6	1.0
2.459201312346741e6	1.0
2.459201314661556e6	1.0
2.4592013169763708e6	1.0
2.4592013192911856e6	1.0
2.4592013216060004e6	1.0
2.4592013239208153e6	1.0
2.45920132623563e6	1.0
2.459201328550445e6	1.0
2.4592013308652597e6	1.0
2.4592013331800746e6	1.0
2.4592013354948894e6	1.0
2.4592013378097042e6	1.0
2.459201340124519e6	1.0
2.459201342439334e6	1.0
2.4592013447541487e6	1.0
2.4592013470689636e6	1.0
2.4592013493837784e6	1.0
2.4592013516985932e6	1.0
2.4592013540134076e6	1.0
2.4592013563282224e6	1.0
2.4592013586430373e6	1.0
2.459201360957852e6	1.0
2.459201363272667e6	1.0
2.4592013655874818e6	1.0
2.4592013679022966e6	1.0
2.4592013702171114e6	1.0
2.4592013725319263e6	1.0
2.459201374846741e6	1.0
2.459201377161556e6	1.0
2.4592013794763708e6	1.0
2.4592013817911856e6	1.0
2.4592013841060004e6	1.0
2.4592013864208153e6	1.0
2.45920138873563e6	1.0
2.459201391050445e6	1.0
2.4592013933652597e6	1.0
2.4592013956800746e6	1.0
2.4592013979948894e6	1.0
2.4592014003097042e6	1.0
2.459201402624519e6	1.0
2.459201404939334e6	1.0
2.4592014072541487e6	1.0
2.4592014095689636e6	1.0
2.4592014118837784e6	1.0
2.4592014141985932e6	1.0
2.4592014165134076e6	1.0
2.4592014188282224e6	1.0
2.4592014211430373e6	1.0
2.459201423457852e6	1.0
2.459201425772667e6	1.0
2.4592014280874818e6	1.0
2.4592014304022966e6	1.0
2.4592014327171114e6	1.0
2.4592014350319263e6	1.0
2.459201437346741e6	1.0
2.459201439661556e6	1.0
2.4592014419763708e6	1.0
2.4592014442911856e6	1.0
2.4592014466060004e6	1.0
2.4592014489208153e6	1.0
2.45920145123563e6	1.0
2.459201453550445e6	1.0
2.4592014558652597e6	1.0
2.4592014581800746e6	1.0
2.4592014604948894e6	1.0
2.4592014628097042e6	1.0
2.459201465124519e6	1.0
2.459201467439334e6	1.0
2.4592014697541487e6	1.0
2.4592014720689636e6	1.0
2.4592014743837784e6	1.0
2.4592014766985932e6	1.0
2.4592014790134076e6	1.0
2.4592014813282224e6	1.0
2.4592014836430373e6	1.0
2.459201485957852e6	1.0
2.459201488272667e6	1.0
2.4592014905874818e6	1.0
2.4592014929022966e6	1.0
2.4592014952171114e6	1.0
2.4592014975319263e6	1.0
2.459201499846741e6	1.0
2.459201502161556e6	1.0
2.4592015044763708e6	1.0
2.4592015067911856e6	1.0
2.4592015091060004e6	1.0
2.4592015114208153e6	1.0
2.45920151373563e6	1.0
2.459201516050445e6	1.0
2.4592015183652597e6	1.0
2.4592015206800746e6	1.0
2.4592015229948894e6	1.0
2.4592015253097042e6	1.0
2.459201527624519e6	1.0
2.459201529939334e6	1.0
2.4592015322541487e6	1.0
2.4592015345689636e6	1.0
2.4592015368837784e6	1.0
2.4592015391985932e6	1.0
2.4592015415134076e6	1.0
2.4592015438282224e6	1.0
2.4592015461430373e6	1.0
2.459201548457852e6	1.0
2.459201550772667e6	1.0
2.4592015530874818e6	1.0
2.4592015554022966e6	1.0
2.4592015577171114e6	1.0
2.4592015600319263e6	1.0
2.459201562346741e6	1.0
2.459201564661556e6	1.0
2.4592015669763708e6	1.0
2.4592015692911856e6	1.0
2.4592015716060004e6	1.0
2.4592015739208153e6	1.0
2.45920157623563e6	1.0
2.459201578550445e6	1.0
2.4592015808652597e6	1.0
2.4592015831800746e6	1.0
2.4592015854948894e6	1.0
2.4592015878097042e6	1.0
2.459201590124519e6	1.0
2.459201592439334e6	1.0
2.4592015947541487e6	1.0
2.4592015970689636e6	1.0
2.4592015993837784e6	1.0
2.4592016016985932e6	1.0
2.4592016040134076e6	1.0
2.4592016063282224e6	1.0
2.4592016086430373e6	1.0
2.459201610957852e6	1.0
2.459201613272667e6	1.0
2.4592016155874818e6	1.0
2.4592016179022966e6	1.0
2.4592016202171114e6	1.0
2.4592016225319263e6	1.0
2.459201624846741e6	1.0
2.459201627161556e6	1.0
2.4592016294763708e6	1.0
2.4592016317911856e6	1.0
2.4592016341060004e6	1.0
2.4592016364208153e6	1.0
2.45920163873563e6	1.0
2.459201641050445e6	1.0
2.4592016433652597e6	1.0
2.4592016456800746e6	1.0
2.4592016479948894e6	1.0
2.4592016503097042e6	1.0
2.459201652624519e6	1.0
2.459201654939334e6	1.0
2.4592016572541487e6	1.0
2.4592016595689636e6	1.0
2.4592016618837784e6	1.0
2.4592016641985932e6	1.0
2.4592016665134076e6	1.0
2.4592016688282224e6	1.0
2.4592016711430373e6	1.0
2.459201673457852e6	1.0
2.459201675772667e6	1.0
2.4592016780874818e6	1.0
2.4592016804022966e6	1.0
2.4592016827171114e6	1.0
2.4592016850319263e6	1.0
2.459201687346741e6	1.0
2.459201689661556e6	1.0
2.4592016919763708e6	1.0
2.4592016942911856e6	1.0
2.4592016966060004e6	1.0
2.4592016989208153e6	1.0
2.45920170123563e6	1.0
2.459201703550445e6	1.0
2.4592017058652597e6	1.0
2.4592017081800746e6	1.0
2.4592017104948894e6	1.0
2.4592017128097042e6	1.0
2.459201715124519e6	1.0
2.459201717439334e6	1.0
2.4592017197541487e6	1.0
2.4592017220689636e6	1.0
2.4592017243837784e6	1.0
2.4592017266985932e6	1.0
2.4592017290134076e6	1.0
2.4592017313282224e6	1.0
2.4592017336430373e6	1.0
2.459201735957852e6	1.0
2.459201738272667e6	1.0
2.4592017405874818e6	1.0
2.4592017429022966e6	1.0
2.4592017452171114e6	1.0
2.4592017475319263e6	1.0
2.459201749846741e6	1.0
2.459201752161556e6	1.0
2.4592017544763708e6	1.0
2.4592017567911856e6	1.0
2.4592017591060004e6	1.0
2.4592017614208153e6	1.0
2.45920176373563e6	1.0
2.459201766050445e6	1.0
2.4592017683652597e6	1.0
2.4592017706800746e6	1.0
2.4592017729948894e6	1.0
2.4592017753097042e6	1.0
2.459201777624519e6	1.0
2.459201779939334e6	1.0
2.4592017822541487e6	1.0
2.4592017845689636e6	1.0
2.4592017868837784e6	1.0
2.4592017891985932e6	1.0
2.4592017915134076e6	1.0
2.4592017938282224e6	1.0
2.4592017961430373e6	1.0
2.459201798457852e6	1.0
2.459201800772667e6	1.0
2.4592018030874818e6	1.0
2.4592018054022966e6	1.0
2.4592018077171114e6	1.0
2.4592018100319263e6	1.0
2.459201812346741e6	1.0
2.459201814661556e6	1.0
2.4592018169763708e6	1.0
2.4592018192911856e6	1.0
2.4592018216060004e6	1.0
2.4592018239208153e6	1.0
2.45920182623563e6	1.0
2.459201828550445e6	1.0
2.4592018308652597e6	1.0
2.4592018331800746e6	1.0
2.4592018354948894e6	1.0
2.4592018378097042e6	1.0
2.459201840124519e6	1.0
2.459201842439334e6	1.0
2.4592018447541487e6	1.0
2.4592018470689636e6	1.0
2.4592018493837784e6	1.0
2.4592018516985932e6	1.0
2.4592018540134076e6	1.0
2.4592018563282224e6	1.0
2.4592018586430373e6	1.0
2.459201860957852e6	1.0
2.459201863272667e6	1.0
2.4592018655874818e6	1.0
2.4592018679022966e6	1.0
2.4592018702171114e6	1.0
2.4592018725319263e6	1.0
2.459201874846741e6	1.0
2.459201877161556e6	1.0
2.4592018794763708e6	1.0
2.4592018817911856e6	1.0
2.4592018841060004e6	1.0
2.4592018864208153e6	1.0
2.45920188873563e6	1.0
2.459201891050445e6	1.0
2.4592018933652597e6	1.0
2.4592018956800746e6	1.0
2.4592018979948894e6	1.0
2.4592019003097042e6	1.0
2.459201902624519e6	1.0
2.459201904939334e6	1.0
2.4592019072541487e6	1.0
2.4592019095689636e6	1.0
2.4592019118837784e6	1.0
2.4592019141985932e6	1.0
2.4592019165134076e6	1.0
2.4592019188282224e6	1.0
2.4592019211430373e6	1.0
2.459201923457852e6	1.0
2.459201925772667e6	1.0
2.4592019280874818e6	1.0
2.4592019304022966e6	1.0
2.4592019327171114e6	1.0
2.4592019350319263e6	1.0
2.459201937346741e6	1.0
2.459201939661556e6	1.0
2.4592019419763708e6	1.0
2.4592019442911856e6	1.0
2.4592019466060004e6	1.0
2.4592019489208153e6	1.0
2.45920195123563e6	1.0
2.459201953550445e6	1.0
2.4592019558652597e6	1.0
2.4592019581800746e6	1.0
2.4592019604948894e6	1.0
2.4592019628097042e6	1.0
2.459201965124519e6	1.0
2.459201967439334e6	1.0
2.4592019697541487e6	1.0
2.4592019720689636e6	1.0
2.4592019743837784e6	1.0
2.4592019766985932e6	1.0
2.4592019790134076e6	1.0
2.4592019813282224e6	1.0
2.4592019836430373e6	1.0
2.459201985957852e6	1.0
2.459201988272667e6	1.0
2.4592019905874818e6	1.0
2.4592019929022966e6	1.0
2.4592019952171114e6	1.0
2.4592019975319263e6	1.0
2.459201999846741e6	1.0
2.459202002161556e6	1.0
2.4592020044763708e6	1.0
2.4592020067911856e6	1.0
2.4592020091060004e6	1.0
2.4592020114208153e6	1.0
2.45920201373563e6	1.0
2.459202016050445e6	1.0
2.4592020183652597e6	1.0
2.4592020206800746e6	1.0
2.4592020229948894e6	1.0
2.4592020253097042e6	1.0
2.459202027624519e6	1.0
2.459202029939334e6	1.0
2.4592020322541487e6	1.0
2.4592020345689636e6	1.0
2.4592020368837784e6	1.0
2.4592020391985932e6	1.0
2.4592020415134076e6	1.0
2.4592020438282224e6	1.0
2.4592020461430373e6	1.0
2.459202048457852e6	1.0
2.459202050772667e6	1.0
2.4592020530874818e6	1.0
2.4592020554022966e6	1.0
2.4592020577171114e6	1.0
2.4592020600319263e6	1.0
2.459202062346741e6	1.0
2.459202064661556e6	1.0
2.4592020669763708e6	1.0
2.4592020692911856e6	1.0
2.4592020716060004e6	1.0
2.4592020739208153e6	1.0
2.45920207623563e6	1.0
2.459202078550445e6	1.0
2.4592020808652597e6	1.0
2.4592020831800746e6	1.0
2.4592020854948894e6	1.0
2.4592020878097042e6	1.0
2.459202090124519e6	1.0
2.459202092439334e6	1.0
2.4592020947541487e6	1.0
2.4592020970689636e6	1.0
2.4592020993837784e6	1.0
2.4592021016985932e6	1.0
2.4592021040134076e6	1.0
2.4592021063282224e6	1.0
2.4592021086430373e6	1.0
2.459202110957852e6	1.0
2.459202113272667e6	1.0
2.4592021155874818e6	1.0
2.4592021179022966e6	1.0
2.4592021202171114e6	1.0
2.4592021225319263e6	1.0
2.459202124846741e6	1.0
2.459202127161556e6	1.0
2.4592021294763708e6	1.0
2.4592021317911856e6	1.0
2.4592021341060004e6	1.0
2.4592021364208153e6	1.0
2.45920213873563e6	1.0
2.459202141050445e6	1.0
2.4592021433652597e6	1.0
2.4592021456800746e6	1.0
2.4592021479948894e6	1.0
2.4592021503097042e6	1.0
2.459202152624519e6	1.0
2.459202154939334e6	1.0
2.4592021572541487e6	1.0
2.4592021595689636e6	1.0
2.4592021618837784e6	1.0
2.4592021641985932e6	1.0
2.4592021665134076e6	1.0
2.4592021688282224e6	1.0
2.4592021711430373e6	1.0
2.459202173457852e6	1.0
2.459202175772667e6	1.0
2.4592021780874818e6	1.0
2.4592021804022966e6	1.0
2.4592021827171114e6	1.0
2.4592021850319263e6	1.0
2.459202187346741e6	1.0
2.459202189661556e6	1.0
2.4592021919763708e6	1.0
2.4592021942911856e6	1.0
2.4592021966060004e6	1.0
2.4592021989208153e6	1.0
2.45920220123563e6	1.0
2.459202203550445e6	1.0
2.4592022058652597e6	1.0
2.4592022081800746e6	1.0
2.4592022104948894e6	1.0
2.4592022128097042e6	1.0
2.459202215124519e6	1.0
2.459202217439334e6	1.0
2.4592022197541487e6	1.0
2.4592022220689636e6	1.0
2.4592022243837784e6	1.0
2.4592022266985932e6	1.0
2.4592022290134076e6	1.0
2.4592022313282224e6	1.0
2.4592022336430373e6	1.0
2.459202235957852e6	1.0
2.459202238272667e6	1.0
2.4592022405874818e6	1.0
2.4592022429022966e6	1.0
2.4592022452171114e6	1.0
2.4592022475319263e6	1.0
2.459202249846741e6	1.0
2.459202252161556e6	1.0
2.4592022544763708e6	1.0
2.4592022567911856e6	1.0
2.4592022591060004e6	1.0
2.4592022614208153e6	1.0
2.45920226373563e6	1.0
2.459202266050445e6	1.0
2.4592022683652597e6	1.0
2.4592022706800746e6	1.0
2.4592022729948894e6	1.0
2.4592022753097042e6	1.0
2.459202277624519e6	1.0
2.459202279939334e6	1.0
2.4592022822541487e6	1.0
2.4592022845689636e6	1.0
2.4592022868837784e6	1.0
2.4592022891985932e6	1.0
2.4592022915134076e6	1.0
2.4592022938282224e6	1.0
2.4592022961430373e6	1.0
2.459202298457852e6	1.0
2.459202300772667e6	1.0
2.4592023030874818e6	1.0
2.4592023054022966e6	1.0
2.4592023077171114e6	1.0
2.4592023100319263e6	1.0
2.459202312346741e6	1.0
2.459202314661556e6	1.0
2.4592023169763708e6	1.0
2.4592023192911856e6	1.0
2.4592023216060004e6	1.0
2.4592023239208153e6	1.0
2.45920232623563e6	1.0
2.459202328550445e6	1.0
2.4592023308652597e6	1.0
2.4592023331800746e6	1.0
2.4592023354948894e6	1.0
2.4592023378097042e6	1.0
2.459202340124519e6	1.0
2.459202342439334e6	1.0
2.4592023447541487e6	1.0
2.4592023470689636e6	1.0
2.4592023493837784e6	1.0
2.4592023516985932e6	1.0
2.4592023540134076e6	1.0
2.4592023563282224e6	1.0
2.4592023586430373e6	1.0
2.459202360957852e6	1.0
2.459202363272667e6	1.0
2.4592023655874818e6	1.0
2.4592023679022966e6	1.0
2.4592023702171114e6	1.0
2.4592023725319263e6	1.0
2.459202374846741e6	1.0
2.459202377161556e6	1.0
2.4592023794763708e6	1.0
2.4592023817911856e6	1.0
2.4592023841060004e6	1.0
2.4592023864208153e6	1.0
2.45920238873563e6	1.0
2.459202391050445e6	1.0
2.4592023933652597e6	1.0
2.4592023956800746e6	1.0
2.4592023979948894e6	1.0
2.4592024003097042e6	1.0
2.459202402624519e6	1.0
2.459202404939334e6	1.0
2.4592024072541487e6	1.0
2.4592024095689636e6	1.0
2.4592024118837784e6	1.0
2.4592024141985932e6	1.0
2.4592024165134076e6	1.0
2.4592024188282224e6	1.0
2.4592024211430373e6	1.0
2.459202423457852e6	1.0
2.459202425772667e6	1.0
2.4592024280874818e6	1.0
2.4592024304022966e6	1.0
2.4592024327171114e6	1.0
2.4592024350319263e6	1.0
2.459202437346741e6	1.0
2.459202439661556e6	1.0
2.4592024419763708e6	1.0
2.4592024442911856e6	1.0
2.4592024466060004e6	1.0
2.4592024489208153e6	1.0
2.45920245123563e6	1.0
2.459202453550445e6	1.0
2.4592024558652597e6	1.0
2.4592024581800746e6	1.0
2.4592024604948894e6	1.0
2.4592024628097042e6	1.0
2.459202465124519e6	1.0
2.459202467439334e6	1.0
2.4592024697541487e6	1.0
2.4592024720689636e6	1.0
2.4592024743837784e6	1.0
2.4592024766985932e6	1.0
2.4592024790134076e6	1.0
2.4592024813282224e6	1.0
2.4592024836430373e6	1.0
2.459202485957852e6	1.0
2.459202488272667e6	1.0
2.4592024905874818e6	1.0
2.4592024929022966e6	1.0
2.4592024952171114e6	1.0
2.4592024975319263e6	1.0
2.459202499846741e6	1.0
2.459202502161556e6	1.0
2.4592025044763708e6	1.0
2.4592025067911856e6	1.0
2.4592025091060004e6	1.0
2.4592025114208153e6	1.0
2.45920251373563e6	1.0
2.459202516050445e6	1.0
2.4592025183652597e6	1.0
2.4592025206800746e6	1.0
2.4592025229948894e6	1.0
2.4592025253097042e6	1.0
2.459202527624519e6	1.0
2.459202529939334e6	1.0
2.4592025322541487e6	1.0
2.4592025345689636e6	1.0
2.4592025368837784e6	1.0
2.4592025391985932e6	1.0
2.4592025415134076e6	1.0
2.4592025438282224e6	1.0
2.4592025461430373e6	1.0
2.459202548457852e6	1.0
2.459202550772667e6	1.0
2.4592025530874818e6	1.0
2.4592025554022966e6	1.0
2.4592025577171114e6	1.0
2.4592025600319263e6	1.0
2.459202562346741e6	1.0
2.459202564661556e6	1.0
2.4592025669763708e6	1.0
2.4592025692911856e6	1.0
2.4592025716060004e6	1.0
2.4592025739208153e6	1.0
2.45920257623563e6	1.0
2.459202578550445e6	1.0
2.4592025808652597e6	1.0
2.4592025831800746e6	1.0
2.4592025854948894e6	1.0
2.4592025878097042e6	1.0
2.459202590124519e6	1.0
2.459202592439334e6	1.0
2.4592025947541487e6	1.0
2.4592025970689636e6	1.0
2.4592025993837784e6	1.0
2.4592026016985932e6	1.0
2.4592026040134076e6	1.0
2.4592026063282224e6	1.0
2.4592026086430373e6	1.0
2.459202610957852e6	1.0
2.459202613272667e6	1.0
2.4592026155874818e6	1.0
2.4592026179022966e6	1.0
2.4592026202171114e6	1.0
2.4592026225319263e6	1.0
2.459202624846741e6	1.0
2.459202627161556e6	1.0
2.4592026294763708e6	1.0
2.4592026317911856e6	1.0
2.4592026341060004e6	1.0
2.4592026364208153e6	1.0
2.45920263873563e6	1.0
2.459202641050445e6	1.0
2.4592026433652597e6	1.0
2.4592026456800746e6	1.0
2.4592026479948894e6	1.0
2.4592026503097042e6	1.0
2.459202652624519e6	1.0
2.459202654939334e6	1.0
2.4592026572541487e6	1.0
2.4592026595689636e6	1.0
2.4592026618837784e6	1.0
2.4592026641985932e6	1.0
2.4592026665134076e6	1.0
2.4592026688282224e6	1.0
2.4592026711430373e6	1.0
2.459202673457852e6	1.0
2.459202675772667e6	1.0
2.4592026780874818e6	1.0
2.4592026804022966e6	1.0
2.4592026827171114e6	1.0
2.4592026850319263e6	1.0
2.459202687346741e6	1.0
2.459202689661556e6	1.0
2.4592026919763708e6	1.0
2.4592026942911856e6	1.0
2.4592026966060004e6	1.0
2.4592026989208153e6	1.0
2.45920270123563e6	1.0
2.459202703550445e6	1.0
2.4592027058652597e6	1.0
2.4592027081800746e6	1.0
2.4592027104948894e6	1.0
2.4592027128097042e6	1.0
2.459202715124519e6	1.0
2.459202717439334e6	1.0
2.4592027197541487e6	1.0
2.4592027220689636e6	1.0
2.4592027243837784e6	1.0
2.4592027266985932e6	1.0
2.4592027290134076e6	1.0
2.4592027313282224e6	1.0
2.4592027336430373e6	1.0
2.459202735957852e6	1.0
2.459202738272667e6	1.0
2.4592027405874818e6	1.0
2.4592027429022966e6	1.0
2.4592027452171114e6	1.0
2.4592027475319263e6	1.0
2.459202749846741e6	1.0
2.459202752161556e6	1.0
2.4592027544763708e6	1.0
2.4592027567911856e6	1.0
2.4592027591060004e6	1.0
2.4592027614208153e6	1.0
2.45920276373563e6	1.0
2.459202766050445e6	1.0
2.4592027683652597e6	1.0
2.4592027706800746e6	1.0
2.4592027729948894e6	1.0
2.4592027753097042e6	1.0
2.459202777624519e6	1.0
2.459202779939334e6	1.0
2.4592027822541487e6	1.0
2.4592027845689636e6	1.0
2.4592027868837784e6	1.0
2.4592027891985932e6	1.0
2.4592027915134076e6	1.0
2.4592027938282224e6	1.0
2.4592027961430373e6	1.0
2.459202798457852e6	1.0
2.459202800772667e6	1.0
2.4592028030874818e6	1.0
2.4592028054022966e6	1.0
2.4592028077171114e6	1.0
2.4592028100319263e6	1.0
2.459202812346741e6	1.0
2.459202814661556e6	1.0
2.4592028169763708e6	1.0
2.4592028192911856e6	1.0
2.4592028216060004e6	1.0
2.4592028239208153e6	1.0
2.45920282623563e6	1.0
2.459202828550445e6	1.0
2.4592028308652597e6	1.0
2.4592028331800746e6	1.0
2.4592028354948894e6	1.0
2.4592028378097042e6	1.0
2.459202840124519e6	1.0
2.459202842439334e6	1.0
2.4592028447541487e6	1.0
2.4592028470689636e6	1.0
2.4592028493837784e6	1.0
2.4592028516985932e6	1.0
2.4592028540134076e6	1.0
2.4592028563282224e6	1.0
2.4592028586430373e6	1.0
2.459202860957852e6	1.0
2.459202863272667e6	1.0
2.4592028655874818e6	1.0
2.4592028679022966e6	1.0
2.4592028702171114e6	1.0
2.4592028725319263e6	1.0
2.459202874846741e6	1.0
2.459202877161556e6	1.0
2.4592028794763708e6	1.0
2.4592028817911856e6	1.0
2.4592028841060004e6	1.0
2.4592028864208153e6	1.0
2.45920288873563e6	1.0
2.459202891050445e6	1.0
2.4592028933652597e6	1.0
2.4592028956800746e6	1.0
2.4592028979948894e6	1.0
2.4592029003097042e6	1.0
2.459202902624519e6	1.0
2.459202904939334e6	1.0
2.4592029072541487e6	1.0
2.4592029095689636e6	1.0
2.4592029118837784e6	1.0
2.4592029141985932e6	1.0
2.4592029165134076e6	1.0
2.4592029188282224e6	1.0
2.4592029211430373e6	1.0
2.459202923457852e6	1.0
2.459202925772667e6	1.0
2.4592029280874818e6	1.0
2.4592029304022966e6	1.0
2.4592029327171114e6	1.0
2.4592029350319263e6	1.0
2.459202937346741e6	1.0
2.459202939661556e6	1.0
2.4592029419763708e6	1.0
2.4592029442911856e6	1.0
2.4592029466060004e6	1.0
2.4592029489208153e6	1.0
2.45920295123563e6	1.0
2.459202953550445e6	1.0
2.4592029558652597e6	1.0
2.4592029581800746e6	1.0
2.4592029604948894e6	1.0
2.4592029628097042e6	1.0
2.459202965124519e6	1.0
2.459202967439334e6	1.0
2.4592029697541487e6	1.0
2.4592029720689636e6	1.0
2.4592029743837784e6	1.0
2.4592029766985932e6	1.0
2.4592029790134076e6	1.0
2.4592029813282224e6	1.0
2.4592029836430373e6	1.0
2.459202985957852e6	1.0
2.459202988272667e6	1.0
2.4592029905874818e6	1.0
2.4592029929022966e6	1.0
2.4592029952171114e6	1.0
2.4592029975319263e6	1.0
2.459202999846741e6	1.0
2.459203002161556e6	1.0
2.4592030044763708e6	1.0
2.4592030067911856e6	1.0
2.4592030091060004e6	1.0
2.4592030114208153e6	1.0
2.45920301373563e6	1.0
2.459203016050445e6	1.0
2.4592030183652597e6	1.0
2.4592030206800746e6	1.0
2.4592030229948894e6	1.0
2.4592030253097042e6	1.0
2.459203027624519e6	1.0
2.459203029939334e6	1.0
2.4592030322541487e6	1.0
2.4592030345689636e6	1.0
2.4592030368837784e6	1.0
2.4592030391985932e6	1.0
2.4592030415134076e6	1.0
2.4592030438282224e6	1.0
2.4592030461430373e6	1.0
2.459203048457852e6	1.0
2.459203050772667e6	1.0
2.4592030530874818e6	1.0
2.4592030554022966e6	1.0
2.4592030577171114e6	1.0
2.4592030600319263e6	1.0
2.459203062346741e6	1.0
2.459203064661556e6	1.0
2.4592030669763708e6	1.0
2.4592030692911856e6	1.0
2.4592030716060004e6	1.0
2.4592030739208153e6	1.0
2.45920307623563e6	1.0
2.459203078550445e6	1.0
2.4592030808652597e6	1.0
2.4592030831800746e6	1.0
2.4592030854948894e6	1.0
2.4592030878097042e6	1.0
2.459203090124519e6	1.0
2.459203092439334e6	1.0
2.4592030947541487e6	1.0
2.4592030970689636e6	1.0
2.4592030993837784e6	1.0
2.4592031016985932e6	1.0
2.4592031040134076e6	1.0
2.4592031063282224e6	1.0
2.4592031086430373e6	1.0
2.459203110957852e6	1.0
2.459203113272667e6	1.0
2.4592031155874818e6	1.0
2.4592031179022966e6	1.0
2.4592031202171114e6	1.0
2.4592031225319263e6	1.0
2.459203124846741e6	1.0
2.459203127161556e6	1.0
2.4592031294763708e6	1.0
2.4592031317911856e6	1.0
2.4592031341060004e6	1.0
2.4592031364208153e6	1.0
2.45920313873563e6	1.0
2.459203141050445e6	1.0
2.4592031433652597e6	1.0
2.4592031456800746e6	1.0
2.4592031479948894e6	1.0
2.4592031503097042e6	1.0
2.459203152624519e6	1.0
2.459203154939334e6	1.0
2.4592031572541487e6	1.0
2.4592031595689636e6	1.0
2.4592031618837784e6	1.0
2.4592031641985932e6	1.0
2.4592031665134076e6	1.0
2.4592031688282224e6	1.0
2.4592031711430373e6	1.0
2.459203173457852e6	1.0
2.459203175772667e6	1.0
2.4592031780874818e6	1.0
2.4592031804022966e6	1.0
2.4592031827171114e6	1.0
2.4592031850319263e6	1.0
2.459203187346741e6	1.0
2.459203189661556e6	1.0
2.4592031919763708e6	1.0
2.4592031942911856e6	1.0
2.4592031966060004e6	1.0
2.4592031989208153e6	1.0
2.45920320123563e6	1.0
2.459203203550445e6	1.0
2.4592032058652597e6	1.0
2.4592032081800746e6	1.0
2.4592032104948894e6	1.0
2.4592032128097042e6	1.0
2.459203215124519e6	1.0
2.459203217439334e6	1.0
2.4592032197541487e6	1.0
2.4592032220689636e6	1.0
2.4592032243837784e6	1.0
2.4592032266985932e6	1.0
2.4592032290134076e6	1.0
2.4592032313282224e6	1.0
2.4592032336430373e6	1.0
2.459203235957852e6	1.0
2.459203238272667e6	1.0
2.4592032405874818e6	1.0
2.4592032429022966e6	1.0
2.4592032452171114e6	1.0
2.4592032475319263e6	1.0
2.459203249846741e6	1.0
2.459203252161556e6	1.0
2.4592032544763708e6	1.0
2.4592032567911856e6	1.0
2.4592032591060004e6	1.0
2.4592032614208153e6	1.0
2.45920326373563e6	1.0
2.459203266050445e6	1.0
2.4592032683652597e6	1.0
2.4592032706800746e6	1.0
2.4592032729948894e6	1.0
2.4592032753097042e6	1.0
2.459203277624519e6	1.0
2.459203279939334e6	1.0
2.4592032822541487e6	1.0
2.4592032845689636e6	1.0
2.4592032868837784e6	1.0
2.4592032891985932e6	1.0
2.4592032915134076e6	1.0
2.4592032938282224e6	1.0
2.4592032961430373e6	1.0
2.459203298457852e6	1.0
2.459203300772667e6	1.0
2.4592033030874818e6	1.0
2.4592033054022966e6	1.0
2.4592033077171114e6	1.0
2.4592033100319263e6	1.0
2.459203312346741e6	1.0
2.459203314661556e6	1.0
2.4592033169763708e6	1.0
2.4592033192911856e6	1.0
2.4592033216060004e6	1.0
2.4592033239208153e6	1.0
2.45920332623563e6	1.0
2.459203328550445e6	1.0
2.4592033308652597e6	1.0
2.4592033331800746e6	1.0
2.4592033354948894e6	1.0
2.4592033378097042e6	1.0
2.459203340124519e6	1.0
2.459203342439334e6	1.0
2.4592033447541487e6	1.0
2.4592033470689636e6	1.0
2.4592033493837784e6	1.0
2.4592033516985932e6	1.0
2.4592033540134076e6	1.0
2.4592033563282224e6	1.0
2.4592033586430373e6	1.0
2.459203360957852e6	1.0
2.459203363272667e6	1.0
2.4592033655874818e6	1.0
2.4592033679022966e6	1.0
2.4592033702171114e6	1.0
2.4592033725319263e6	1.0
2.459203374846741e6	1.0
2.459203377161556e6	1.0
2.4592033794763708e6	1.0
2.4592033817911856e6	1.0
2.4592033841060004e6	1.0
2.4592033864208153e6	1.0
2.45920338873563e6	1.0
2.459203391050445e6	1.0
2.4592033933652597e6	1.0
2.4592033956800746e6	1.0
2.4592033979948894e6	1.0
2.4592034003097042e6	1.0
2.459203402624519e6	1.0
2.459203404939334e6	1.0
2.4592034072541487e6	1.0
2.4592034095689636e6	1.0
2.4592034118837784e6	1.0
2.4592034141985932e6	1.0
2.4592034165134076e6	1.0
2.4592034188282224e6	1.0
2.4592034211430373e6	1.0
2.459203423457852e6	1.0
2.459203425772667e6	1.0
2.4592034280874818e6	1.0
2.4592034304022966e6	1.0
2.4592034327171114e6	1.0
2.4592034350319263e6	1.0
2.459203437346741e6	1.0
2.459203439661556e6	1.0
2.4592034419763708e6	1.0
2.4592034442911856e6	1.0
2.4592034466060004e6	1.0
2.4592034489208153e6	1.0
2.45920345123563e6	1.0
2.459203453550445e6	1.0
2.4592034558652597e6	1.0
2.4592034581800746e6	1.0
2.4592034604948894e6	1.0
2.4592034628097042e6	1.0
2.459203465124519e6	1.0
2.459203467439334e6	1.0
2.4592034697541487e6	1.0
2.4592034720689636e6	1.0
2.4592034743837784e6	1.0
2.4592034766985932e6	1.0
2.4592034790134076e6	1.0
2.4592034813282224e6	1.0
2.4592034836430373e6	1.0
2.459203485957852e6	1.0
2.459203488272667e6	1.0
2.4592034905874818e6	1.0
2.4592034929022966e6	1.0
2.4592034952171114e6	1.0
2.4592034975319263e6	1.0
2.459203499846741e6	1.0
2.459203502161556e6	1.0
2.4592035044763708e6	1.0
2.4592035067911856e6	1.0
2.4592035091060004e6	1.0
2.4592035114208153e6	1.0
2.45920351373563e6	1.0
2.459203516050445e6	1.0
2.4592035183652597e6	1.0
2.4592035206800746e6	1.0
2.4592035229948894e6	1.0
2.4592035253097042e6	1.0
2.459203527624519e6	1.0
2.459203529939334e6	1.0
2.4592035322541487e6	1.0
2.4592035345689636e6	1.0
2.4592035368837784e6	1.0
2.4592035391985932e6	1.0
2.4592035415134076e6	1.0
2.4592035438282224e6	1.0
2.4592035461430373e6	1.0
2.459203548457852e6	1.0
2.459203550772667e6	1.0
2.4592035530874818e6	1.0
2.4592035554022966e6	1.0
2.4592035577171114e6	1.0
2.4592035600319263e6	1.0
2.459203562346741e6	1.0
2.459203564661556e6	1.0
2.4592035669763708e6	1.0
2.4592035692911856e6	1.0
2.4592035716060004e6	1.0
2.4592035739208153e6	1.0
2.45920357623563e6	1.0
2.459203578550445e6	1.0
2.4592035808652597e6	1.0
2.4592035831800746e6	1.0
2.4592035854948894e6	1.0
2.4592035878097042e6	1.0
2.459203590124519e6	1.0
2.459203592439334e6	1.0
2.4592035947541487e6	1.0
2.4592035970689636e6	1.0
2.4592035993837784e6	1.0
2.4592036016985932e6	1.0
2.4592036040134076e6	1.0
2.4592036063282224e6	1.0
2.4592036086430373e6	1.0
2.459203610957852e6	1.0
2.459203613272667e6	1.0
2.4592036155874818e6	1.0
2.4592036179022966e6	1.0
2.4592036202171114e6	1.0
2.4592036225319263e6	1.0
2.459203624846741e6	1.0
2.459203627161556e6	1.0
2.4592036294763708e6	1.0
2.4592036317911856e6	1.0
2.4592036341060004e6	1.0
2.4592036364208153e6	1.0
2.45920363873563e6	1.0
2.459203641050445e6	1.0
2.4592036433652597e6	1.0
2.4592036456800746e6	1.0
2.4592036479948894e6	1.0
2.4592036503097042e6	1.0
2.459203652624519e6	1.0
2.459203654939334e6	1.0
2.4592036572541487e6	1.0
2.4592036595689636e6	1.0
2.4592036618837784e6	1.0
2.4592036641985932e6	1.0
2.4592036665134076e6	1.0
2.4592036688282224e6	1.0
2.4592036711430373e6	1.0
2.459203673457852e6	1.0
2.459203675772667e6	1.0
2.4592036780874818e6	1.0
2.4592036804022966e6	1.0
2.4592036827171114e6	1.0
2.4592036850319263e6	1.0
2.459203687346741e6	1.0
2.459203689661556e6	1.0
2.4592036919763708e6	1.0
2.4592036942911856e6	1.0
2.4592036966060004e6	1.0
2.4592036989208153e6	1.0
2.45920370123563e6	1.0
2.459203703550445e6	1.0
2.4592037058652597e6	1.0
2.4592037081800746e6	1.0
2.4592037104948894e6	1.0
2.4592037128097042e6	1.0
2.459203715124519e6	1.0
2.459203717439334e6	1.0
2.4592037197541487e6	1.0
2.4592037220689636e6	1.0
2.4592037243837784e6	1.0
2.4592037266985932e6	1.0
2.4592037290134076e6	1.0
2.4592037313282224e6	1.0
2.4592037336430373e6	1.0
2.459203735957852e6	1.0
2.459203738272667e6	1.0
2.4592037405874818e6	1.0
2.4592037429022966e6	1.0
2.4592037452171114e6	1.0
2.4592037475319263e6	1.0
2.459203749846741e6	1.0
2.459203752161556e6	1.0
2.4592037544763708e6	1.0
2.4592037567911856e6	1.0
2.4592037591060004e6	1.0
2.4592037614208153e6	1.0
2.45920376373563e6	1.0
2.459203766050445e6	1.0
2.4592037683652597e6	1.0
2.4592037706800746e6	1.0
2.4592037729948894e6	1.0
2.4592037753097042e6	1.0
2.459203777624519e6	1.0
2.459203779939334e6	1.0
2.4592037822541487e6	1.0
2.4592037845689636e6	1.0
2.4592037868837784e6	1.0
2.4592037891985932e6	1.0
2.4592037915134076e6	1.0
2.4592037938282224e6	1.0
2.4592037961430373e6	1.0
2.459203798457852e6	1.0
2.459203800772667e6	1.0
2.4592038030874818e6	1.0
2.4592038054022966e6	1.0
2.4592038077171114e6	1.0
2.4592038100319263e6	1.0
2.459203812346741e6	1.0
2.459203814661556e6	1.0
2.4592038169763708e6	1.0
2.4592038192911856e6	1.0
2.4592038216060004e6	1.0
2.4592038239208153e6	1.0
2.45920382623563e6	1.0
2.459203828550445e6	1.0
2.4592038308652597e6	1.0
2.4592038331800746e6	1.0
2.4592038354948894e6	1.0
2.4592038378097042e6	1.0
2.459203840124519e6	1.0
2.459203842439334e6	1.0
2.4592038447541487e6	1.0
2.4592038470689636e6	1.0
2.4592038493837784e6	1.0
2.4592038516985932e6	1.0
2.4592038540134076e6	1.0
2.4592038563282224e6	1.0
2.4592038586430373e6	1.0
2.459203860957852e6	1.0
2.459203863272667e6	1.0
2.4592038655874818e6	1.0
2.4592038679022966e6	1.0
2.4592038702171114e6	1.0
2.4592038725319263e6	1.0
2.459203874846741e6	1.0
2.459203877161556e6	1.0
2.4592038794763708e6	1.0
2.4592038817911856e6	1.0
2.4592038841060004e6	1.0
2.4592038864208153e6	1.0
2.45920388873563e6	1.0
2.459203891050445e6	1.0
2.4592038933652597e6	1.0
2.4592038956800746e6	1.0
2.4592038979948894e6	1.0
2.4592039003097042e6	1.0
2.459203902624519e6	1.0
2.459203904939334e6	1.0
2.4592039072541487e6	1.0
2.4592039095689636e6	1.0
2.4592039118837784e6	1.0
2.4592039141985932e6	1.0
2.4592039165134076e6	1.0
2.4592039188282224e6	1.0
2.4592039211430373e6	1.0
2.459203923457852e6	1.0
2.459203925772667e6	1.0
2.4592039280874818e6	1.0
2.4592039304022966e6	1.0
2.4592039327171114e6	1.0
2.4592039350319263e6	1.0
2.459203937346741e6	1.0
2.459203939661556e6	1.0
2.4592039419763708e6	1.0
2.4592039442911856e6	1.0
2.4592039466060004e6	1.0
2.4592039489208153e6	1.0
2.45920395123563e6	1.0
2.459203953550445e6	1.0
2.4592039558652597e6	1.0
2.4592039581800746e6	1.0
2.4592039604948894e6	1.0
2.4592039628097042e6	1.0
2.459203965124519e6	1.0
2.459203967439334e6	1.0
2.4592039697541487e6	1.0
2.4592039720689636e6	1.0
2.4592039743837784e6	1.0
2.4592039766985932e6	1.0
2.4592039790134076e6	1.0
2.4592039813282224e6	1.0
2.4592039836430373e6	1.0
2.459203985957852e6	1.0
2.459203988272667e6	1.0
2.4592039905874818e6	1.0
2.4592039929022966e6	1.0
2.4592039952171114e6	1.0
2.4592039975319263e6	1.0
2.459203999846741e6	1.0
2.459204002161556e6	1.0
2.4592040044763708e6	1.0
2.4592040067911856e6	1.0
2.4592040091060004e6	1.0
2.4592040114208153e6	1.0
2.45920401373563e6	1.0
2.459204016050445e6	1.0
2.4592040183652597e6	1.0
2.4592040206800746e6	1.0
2.4592040229948894e6	1.0
2.4592040253097042e6	1.0
2.459204027624519e6	1.0
2.459204029939334e6	1.0
2.4592040322541487e6	1.0
2.4592040345689636e6	1.0
2.4592040368837784e6	1.0
2.4592040391985932e6	1.0
2.4592040415134076e6	1.0
2.4592040438282224e6	1.0
2.4592040461430373e6	1.0
2.459204048457852e6	1.0
2.459204050772667e6	1.0
2.4592040530874818e6	1.0
2.4592040554022966e6	1.0
2.4592040577171114e6	1.0
2.4592040600319263e6	1.0
2.459204062346741e6	1.0
2.459204064661556e6	1.0
2.4592040669763708e6	1.0
2.4592040692911856e6	1.0
2.4592040716060004e6	1.0
2.4592040739208153e6	1.0
2.45920407623563e6	1.0
2.459204078550445e6	1.0
2.4592040808652597e6	1.0
2.4592040831800746e6	1.0
2.4592040854948894e6	1.0
2.4592040878097042e6	1.0
2.459204090124519e6	1.0
2.459204092439334e6	1.0
2.4592040947541487e6	1.0
2.4592040970689636e6	1.0
2.4592040993837784e6	1.0
2.4592041016985932e6	1.0
2.4592041040134076e6	1.0
2.4592041063282224e6	1.0
2.4592041086430373e6	1.0
2.459204110957852e6	1.0
2.459204113272667e6	1.0
2.4592041155874818e6	1.0
2.4592041179022966e6	1.0
2.4592041202171114e6	1.0
2.4592041225319263e6	1.0
2.459204124846741e6	1.0
2.459204127161556e6	1.0
2.4592041294763708e6	1.0
2.4592041317911856e6	1.0
2.4592041341060004e6	1.0
2.4592041364208153e6	1.0
2.45920413873563e6	1.0
2.459204141050445e6	1.0
2.4592041433652597e6	1.0
2.4592041456800746e6	1.0
2.4592041479948894e6	1.0
2.4592041503097042e6	1.0
2.459204152624519e6	1.0
2.459204154939334e6	1.0
2.4592041572541487e6	1.0
2.4592041595689636e6	1.0
2.4592041618837784e6	1.0
2.4592041641985932e6	1.0
2.4592041665134076e6	1.0
2.4592041688282224e6	1.0
2.4592041711430373e6	1.0
2.459204173457852e6	1.0
2.459204175772667e6	1.0
2.4592041780874818e6	1.0
2.4592041804022966e6	1.0
2.4592041827171114e6	1.0
2.4592041850319263e6	1.0
2.459204187346741e6	1.0
2.459204189661556e6	1.0
2.4592041919763708e6	1.0
2.4592041942911856e6	1.0
2.4592041966060004e6	1.0
2.4592041989208153e6	1.0
2.45920420123563e6	1.0
2.459204203550445e6	1.0
2.4592042058652597e6	1.0
2.4592042081800746e6	1.0
2.4592042104948894e6	1.0
2.4592042128097042e6	1.0
2.459204215124519e6	1.0
2.459204217439334e6	1.0
2.4592042197541487e6	1.0
2.4592042220689636e6	1.0
2.4592042243837784e6	1.0
2.4592042266985932e6	1.0
2.4592042290134076e6	1.0
2.4592042313282224e6	1.0
2.4592042336430373e6	1.0
2.459204235957852e6	1.0
2.459204238272667e6	1.0
2.4592042405874818e6	1.0
2.4592042429022966e6	1.0
2.4592042452171114e6	1.0
2.4592042475319263e6	1.0
2.459204249846741e6	1.0
2.459204252161556e6	1.0
2.4592042544763708e6	1.0
2.4592042567911856e6	1.0
2.4592042591060004e6	1.0
2.4592042614208153e6	1.0
2.45920426373563e6	1.0
2.459204266050445e6	1.0
2.4592042683652597e6	1.0
2.4592042706800746e6	1.0
2.4592042729948894e6	1.0
2.4592042753097042e6	1.0
2.459204277624519e6	1.0
2.459204279939334e6	1.0
2.4592042822541487e6	1.0
2.4592042845689636e6	1.0
2.4592042868837784e6	1.0
2.4592042891985932e6	1.0
2.4592042915134076e6	1.0
2.4592042938282224e6	1.0
2.4592042961430373e6	1.0
2.459204298457852e6	1.0
2.459204300772667e6	1.0
2.4592043030874818e6	1.0
2.4592043054022966e6	1.0
2.4592043077171114e6	1.0
2.4592043100319263e6	1.0
2.459204312346741e6	1.0
2.459204314661556e6	1.0
2.4592043169763708e6	1.0
2.4592043192911856e6	1.0
2.4592043216060004e6	1.0
2.4592043239208153e6	1.0
2.45920432623563e6	1.0
2.459204328550445e6	1.0
2.4592043308652597e6	1.0
2.4592043331800746e6	1.0
2.4592043354948894e6	1.0
2.4592043378097042e6	1.0
2.459204340124519e6	1.0
2.459204342439334e6	1.0
2.4592043447541487e6	1.0
2.4592043470689636e6	1.0
2.4592043493837784e6	1.0
2.4592043516985932e6	1.0
2.4592043540134076e6	1.0
2.4592043563282224e6	1.0
2.4592043586430373e6	1.0
2.459204360957852e6	1.0
2.459204363272667e6	1.0
2.4592043655874818e6	1.0
2.4592043679022966e6	1.0
2.4592043702171114e6	1.0
2.4592043725319263e6	1.0
2.459204374846741e6	1.0
2.459204377161556e6	1.0
2.4592043794763708e6	1.0
2.4592043817911856e6	1.0
2.4592043841060004e6	1.0
2.4592043864208153e6	1.0
2.45920438873563e6	1.0
2.459204391050445e6	1.0
2.4592043933652597e6	1.0
2.4592043956800746e6	1.0
2.4592043979948894e6	1.0
2.4592044003097042e6	1.0
2.459204402624519e6	1.0
2.459204404939334e6	1.0
2.4592044072541487e6	1.0
2.4592044095689636e6	1.0
2.4592044118837784e6	1.0
2.4592044141985932e6	1.0
2.4592044165134076e6	1.0
2.4592044188282224e6	1.0
2.4592044211430373e6	1.0
2.459204423457852e6	1.0
2.459204425772667e6	1.0
2.4592044280874818e6	1.0
2.4592044304022966e6	1.0
2.4592044327171114e6	1.0
2.4592044350319263e6	1.0
2.459204437346741e6	1.0
2.459204439661556e6	1.0
2.4592044419763708e6	1.0
2.4592044442911856e6	1.0
2.4592044466060004e6	1.0
2.4592044489208153e6	1.0
2.45920445123563e6	1.0
2.459204453550445e6	1.0
2.4592044558652597e6	1.0
2.4592044581800746e6	1.0
2.4592044604948894e6	1.0
2.4592044628097042e6	1.0
2.459204465124519e6	1.0
2.459204467439334e6	1.0
2.4592044697541487e6	1.0
2.4592044720689636e6	1.0
2.4592044743837784e6	1.0
2.4592044766985932e6	1.0
2.4592044790134076e6	1.0
2.4592044813282224e6	1.0
2.4592044836430373e6	1.0
2.459204485957852e6	1.0
2.459204488272667e6	1.0
2.4592044905874818e6	1.0
2.4592044929022966e6	1.0
2.4592044952171114e6	1.0
2.4592044975319263e6	1.0
2.459204499846741e6	1.0
2.459204502161556e6	1.0
2.4592045044763708e6	1.0
2.4592045067911856e6	1.0
2.4592045091060004e6	1.0
2.4592045114208153e6	1.0
2.45920451373563e6	1.0
2.459204516050445e6	1.0
2.4592045183652597e6	1.0
2.4592045206800746e6	1.0
2.4592045229948894e6	1.0
2.4592045253097042e6	1.0
2.459204527624519e6	1.0
2.459204529939334e6	1.0
2.4592045322541487e6	1.0
2.4592045345689636e6	1.0
2.4592045368837784e6	1.0
2.4592045391985932e6	1.0
2.4592045415134076e6	1.0
2.4592045438282224e6	1.0
2.4592045461430373e6	1.0
2.459204548457852e6	1.0
2.459204550772667e6	1.0
2.4592045530874818e6	1.0
2.4592045554022966e6	1.0
2.4592045577171114e6	1.0
2.4592045600319263e6	1.0
2.459204562346741e6	1.0
2.459204564661556e6	1.0
2.4592045669763708e6	1.0
2.4592045692911856e6	1.0
2.4592045716060004e6	1.0
2.4592045739208153e6	1.0
2.45920457623563e6	1.0
2.459204578550445e6	1.0
2.4592045808652597e6	1.0
2.4592045831800746e6	1.0
2.4592045854948894e6	1.0
2.4592045878097042e6	1.0
2.459204590124519e6	1.0
2.459204592439334e6	1.0
2.4592045947541487e6	1.0
2.4592045970689636e6	1.0
2.4592045993837784e6	1.0
2.4592046016985932e6	1.0
2.4592046040134076e6	1.0
2.4592046063282224e6	1.0
2.4592046086430373e6	1.0
2.459204610957852e6	1.0
2.459204613272667e6	1.0
2.4592046155874818e6	1.0
2.4592046179022966e6	1.0
2.4592046202171114e6	1.0
2.4592046225319263e6	1.0
2.459204624846741e6	1.0
2.459204627161556e6	1.0
2.4592046294763708e6	1.0
2.4592046317911856e6	1.0
2.4592046341060004e6	1.0
2.4592046364208153e6	1.0
2.45920463873563e6	1.0
2.459204641050445e6	1.0
2.4592046433652597e6	1.0
2.4592046456800746e6	1.0
2.4592046479948894e6	1.0
2.4592046503097042e6	1.0
2.459204652624519e6	1.0
2.459204654939334e6	1.0
2.4592046572541487e6	1.0
2.4592046595689636e6	1.0
2.4592046618837784e6	1.0
2.4592046641985932e6	1.0
2.4592046665134076e6	1.0
2.4592046688282224e6	1.0
2.4592046711430373e6	1.0
2.459204673457852e6	1.0
2.459204675772667e6	1.0
2.4592046780874818e6	1.0
2.4592046804022966e6	1.0
2.4592046827171114e6	1.0
2.4592046850319263e6	1.0
2.459204687346741e6	1.0
2.459204689661556e6	1.0
2.4592046919763708e6	1.0
2.4592046942911856e6	1.0
2.4592046966060004e6	1.0
2.4592046989208153e6	1.0
2.45920470123563e6	1.0
2.459204703550445e6	1.0
2.4592047058652597e6	1.0
2.4592047081800746e6	1.0
2.4592047104948894e6	1.0
2.4592047128097042e6	1.0
2.459204715124519e6	1.0
2.459204717439334e6	1.0
2.4592047197541487e6	1.0
2.4592047220689636e6	1.0
2.4592047243837784e6	1.0
2.4592047266985932e6	1.0
2.4592047290134076e6	1.0
2.4592047313282224e6	1.0
2.4592047336430373e6	1.0
2.459204735957852e6	1.0
2.459204738272667e6	1.0
2.4592047405874818e6	1.0
2.4592047429022966e6	1.0
2.4592047452171114e6	1.0
2.4592047475319263e6	1.0
2.459204749846741e6	1.0
2.459204752161556e6	1.0
2.4592047544763708e6	1.0
2.4592047567911856e6	1.0
2.4592047591060004e6	1.0
2.4592047614208153e6	1.0
2.45920476373563e6	1.0
2.459204766050445e6	1.0
2.4592047683652597e6	1.0
2.4592047706800746e6	1.0
2.4592047729948894e6	1.0
2.4592047753097042e6	1.0
2.459204777624519e6	1.0
2.459204779939334e6	1.0
2.4592047822541487e6	1.0
2.4592047845689636e6	1.0
2.4592047868837784e6	1.0
2.4592047891985932e6	1.0
2.4592047915134076e6	1.0
2.4592047938282224e6	1.0
2.4592047961430373e6	1.0
2.459204798457852e6	1.0
2.459204800772667e6	1.0
2.4592048030874818e6	1.0
2.4592048054022966e6	1.0
2.4592048077171114e6	1.0
2.4592048100319263e6	1.0
2.459204812346741e6	1.0
2.459204814661556e6	1.0
2.4592048169763708e6	1.0
2.4592048192911856e6	1.0
2.4592048216060004e6	1.0
2.4592048239208153e6	1.0
2.45920482623563e6	1.0
2.459204828550445e6	1.0
2.4592048308652597e6	1.0
2.4592048331800746e6	1.0
2.4592048354948894e6	1.0
2.4592048378097042e6	1.0
2.459204840124519e6	1.0
2.459204842439334e6	1.0
2.4592048447541487e6	1.0
2.4592048470689636e6	1.0
2.4592048493837784e6	1.0
2.4592048516985932e6	1.0
2.4592048540134076e6	1.0
2.4592048563282224e6	1.0
2.4592048586430373e6	1.0
2.459204860957852e6	1.0
2.459204863272667e6	1.0
2.4592048655874818e6	1.0
2.4592048679022966e6	1.0
2.4592048702171114e6	1.0
2.4592048725319263e6	1.0
2.459204874846741e6	1.0
2.459204877161556e6	1.0
2.4592048794763708e6	1.0
2.4592048817911856e6	1.0
2.4592048841060004e6	1.0
2.4592048864208153e6	1.0
2.45920488873563e6	1.0
2.459204891050445e6	1.0
2.4592048933652597e6	1.0
2.4592048956800746e6	1.0
2.4592048979948894e6	1.0
2.4592049003097042e6	1.0
2.459204902624519e6	1.0
2.459204904939334e6	1.0
2.4592049072541487e6	1.0
2.4592049095689636e6	1.0
2.4592049118837784e6	1.0
2.4592049141985932e6	1.0
2.4592049165134076e6	1.0
2.4592049188282224e6	1.0
2.4592049211430373e6	1.0
2.459204923457852e6	1.0
2.459204925772667e6	1.0
2.4592049280874818e6	1.0
2.4592049304022966e6	1.0
2.4592049327171114e6	1.0
2.4592049350319263e6	1.0
2.459204937346741e6	1.0
2.459204939661556e6	1.0
2.4592049419763708e6	1.0
2.4592049442911856e6	1.0
2.4592049466060004e6	1.0
2.4592049489208153e6	1.0
2.45920495123563e6	1.0
2.459204953550445e6	1.0
2.4592049558652597e6	1.0
2.4592049581800746e6	1.0
2.4592049604948894e6	1.0
2.4592049628097042e6	1.0
2.459204965124519e6	1.0
2.459204967439334e6	1.0
2.4592049697541487e6	1.0
2.4592049720689636e6	1.0
2.4592049743837784e6	1.0
2.4592049766985932e6	1.0
2.4592049790134076e6	1.0
2.4592049813282224e6	1.0
2.4592049836430373e6	1.0
2.459204985957852e6	1.0
2.459204988272667e6	1.0
2.4592049905874818e6	1.0
2.4592049929022966e6	1.0
2.4592049952171114e6	1.0
2.4592049975319263e6	1.0
2.459204999846741e6	1.0
2.459205002161556e6	1.0
2.4592050044763708e6	1.0
2.4592050067911856e6	1.0
2.4592050091060004e6	1.0
2.4592050114208153e6	1.0
2.45920501373563e6	1.0
2.459205016050445e6	1.0
2.4592050183652597e6	1.0
2.4592050206800746e6	1.0
2.4592050229948894e6	1.0
2.4592050253097042e6	1.0
2.459205027624519e6	1.0
2.459205029939334e6	1.0
2.4592050322541487e6	1.0
2.4592050345689636e6	1.0
2.4592050368837784e6	1.0
2.4592050391985932e6	1.0
2.4592050415134076e6	1.0
2.4592050438282224e6	1.0
2.4592050461430373e6	1.0
2.459205048457852e6	1.0
2.459205050772667e6	1.0
2.4592050530874818e6	1.0
2.4592050554022966e6	1.0
2.4592050577171114e6	1.0
2.4592050600319263e6	1.0
2.459205062346741e6	1.0
2.459205064661556e6	1.0
2.4592050669763708e6	1.0
2.4592050692911856e6	1.0
2.4592050716060004e6	1.0
2.4592050739208153e6	1.0
2.45920507623563e6	1.0
2.459205078550445e6	1.0
2.4592050808652597e6	1.0
2.4592050831800746e6	1.0
2.4592050854948894e6	1.0
2.4592050878097042e6	1.0
2.459205090124519e6	1.0
2.459205092439334e6	1.0
2.4592050947541487e6	1.0
2.4592050970689636e6	1.0
2.4592050993837784e6	1.0
2.4592051016985932e6	1.0
2.4592051040134076e6	1.0
2.4592051063282224e6	1.0
2.4592051086430373e6	1.0
2.459205110957852e6	1.0
2.459205113272667e6	1.0
2.4592051155874818e6	1.0
2.4592051179022966e6	1.0
2.4592051202171114e6	1.0
2.4592051225319263e6	1.0
2.459205124846741e6	1.0
2.459205127161556e6	1.0
2.4592051294763708e6	1.0
2.4592051317911856e6	1.0
2.4592051341060004e6	1.0
2.4592051364208153e6	1.0
2.45920513873563e6	1.0
2.459205141050445e6	1.0
2.4592051433652597e6	1.0
2.4592051456800746e6	1.0
2.4592051479948894e6	1.0
2.4592051503097042e6	1.0
2.459205152624519e6	1.0
2.459205154939334e6	1.0
2.4592051572541487e6	1.0
2.4592051595689636e6	1.0
2.4592051618837784e6	1.0
2.4592051641985932e6	1.0
2.4592051665134076e6	1.0
2.4592051688282224e6	1.0
2.4592051711430373e6	1.0
2.459205173457852e6	1.0
2.459205175772667e6	1.0
2.4592051780874818e6	1.0
2.4592051804022966e6	1.0
2.4592051827171114e6	1.0
2.4592051850319263e6	1.0
2.459205187346741e6	1.0
2.459205189661556e6	1.0
2.4592051919763708e6	1.0
2.4592051942911856e6	1.0
2.4592051966060004e6	1.0
2.4592051989208153e6	1.0
2.45920520123563e6	1.0
2.459205203550445e6	1.0
2.4592052058652597e6	1.0
2.4592052081800746e6	1.0
2.4592052104948894e6	1.0
2.4592052128097042e6	1.0
2.459205215124519e6	1.0
2.459205217439334e6	1.0
2.4592052197541487e6	1.0
2.4592052220689636e6	1.0
2.4592052243837784e6	1.0
2.4592052266985932e6	1.0
2.4592052290134076e6	1.0
2.4592052313282224e6	1.0
2.4592052336430373e6	1.0
2.459205235957852e6	1.0
2.459205238272667e6	1.0
2.4592052405874818e6	1.0
2.4592052429022966e6	1.0
2.4592052452171114e6	1.0
2.4592052475319263e6	1.0
2.459205249846741e6	1.0
2.459205252161556e6	1.0
2.4592052544763708e6	1.0
2.4592052567911856e6	1.0
2.4592052591060004e6	1.0
2.4592052614208153e6	1.0
2.45920526373563e6	1.0
2.459205266050445e6	1.0
2.4592052683652597e6	1.0
2.4592052706800746e6	1.0
2.4592052729948894e6	1.0
2.4592052753097042e6	1.0
2.459205277624519e6	1.0
2.459205279939334e6	1.0
2.4592052822541487e6	1.0
2.4592052845689636e6	1.0
2.4592052868837784e6	1.0
2.4592052891985932e6	1.0
2.4592052915134076e6	1.0
2.4592052938282224e6	1.0
2.4592052961430373e6	1.0
2.459205298457852e6	1.0
2.459205300772667e6	1.0
2.4592053030874818e6	1.0
2.4592053054022966e6	1.0
2.4592053077171114e6	1.0
2.4592053100319263e6	1.0
2.459205312346741e6	1.0
2.459205314661556e6	1.0
2.4592053169763708e6	1.0
2.4592053192911856e6	1.0
2.4592053216060004e6	1.0
2.4592053239208153e6	1.0
2.45920532623563e6	1.0
2.459205328550445e6	1.0
2.4592053308652597e6	1.0
2.4592053331800746e6	1.0
2.4592053354948894e6	1.0
2.4592053378097042e6	1.0
2.459205340124519e6	1.0
2.459205342439334e6	1.0
2.4592053447541487e6	1.0
2.4592053470689636e6	1.0
2.4592053493837784e6	1.0
2.4592053516985932e6	1.0
2.4592053540134076e6	1.0
2.4592053563282224e6	1.0
2.4592053586430373e6	1.0
2.459205360957852e6	1.0
2.459205363272667e6	1.0
2.4592053655874818e6	1.0
2.4592053679022966e6	1.0
2.4592053702171114e6	1.0
2.4592053725319263e6	1.0
2.459205374846741e6	1.0
2.459205377161556e6	1.0
2.4592053794763708e6	1.0
2.4592053817911856e6	1.0
2.4592053841060004e6	1.0
2.4592053864208153e6	1.0
2.45920538873563e6	1.0
2.459205391050445e6	1.0
2.4592053933652597e6	1.0
2.4592053956800746e6	1.0
2.4592053979948894e6	1.0
2.4592054003097042e6	1.0
2.459205402624519e6	1.0
2.459205404939334e6	1.0
2.4592054072541487e6	1.0
2.4592054095689636e6	1.0
2.4592054118837784e6	1.0
2.4592054141985932e6	1.0
2.4592054165134076e6	1.0
2.4592054188282224e6	1.0
2.4592054211430373e6	1.0
2.459205423457852e6	1.0
2.459205425772667e6	1.0
2.4592054280874818e6	1.0
2.4592054304022966e6	1.0
2.4592054327171114e6	1.0
2.4592054350319263e6	1.0
2.459205437346741e6	1.0
