star_flux=1.0 
star_radius=1.0 
star_temperature=5000.0
star_name= TIC 172518755
star_ld1=0.3 
star_ld2=0.3
planet_radius=0.042711590932673064 
planet_temperature=1000.0
orbit_sax=22.259378121 
orbit_per=6.120 
orbit_inc=1.5431639726415074
orbit_ecc=0.00
orbit_omg=1.5707963267948966
orbit_tpa=2459200.938919894
orbit_lan_flag=0 
orbit_lan=3.1415926  
